# PPM25 splits for EmChem09soa
# Data derived from IIASA estimate, May 2016
# Key-word, MASS_ASSUMED= 0 by default,
# change when emissions have artificial mass, e.g. 46 for NOx as NO2
# Biomass burning emissions, IE_BB = 101 (not used here)
: MASS_ASSUMED 0
99 99   POM_f_FFUEL EC_f_FFUEL_new EC_f_FFUEL_age  POM_f_WOOD  EC_f_WOOD_new EC_f_WOOD_age  REMPPM25  #HEADERS
#DATA
201   1      14.850     15.789      3.947      0.000      0.000      0.000     65.414
201   2       0.237      0.079      0.020     72.766     17.448      4.362      5.089
201   3       8.701     14.913      3.728      1.772      2.194      0.548     68.144
201   4       0.000      0.000      0.000      0.000      0.000      0.000    100.000
201   5       0.000      0.000      0.000      0.000      0.000      0.000    100.000
201   7      64.072     21.033      5.258      0.002      0.001      0.000      9.634
201   8      34.280     35.556      8.889      0.000      0.000      0.000     21.275
201   9      46.058      6.376      1.594      0.088      0.009      0.002     45.874
201  10       0.000      0.000      0.000      0.000      0.000      0.000    100.000
  1   1      28.786     27.837      6.959      5.143      3.592      0.898     26.786
  1   2       0.017      0.000      0.000     71.742     17.213      4.303      6.724
  1   3       0.923      0.426      0.107      0.852      0.284      0.071     97.337
  1   4       2.419      0.000      0.000      0.000      0.000      0.000     97.581
  1   5       0.000      0.000      0.000      0.000      0.000      0.000    100.000
  1   7      23.794     43.558     10.890      0.000      0.000      0.000     21.758
  1   8      37.638     32.477      8.119      0.457      0.285      0.071     20.952
  1   9      62.795      7.811      1.953      0.000      0.000      0.000     27.441
  1  10       0.015      0.000      0.000     55.073      8.605      2.151     34.157
202   1      20.333     18.319      4.580      0.903      0.588      0.147     55.131
202   2       0.450      0.127      0.032     74.608     15.260      3.815      5.708
202   3       1.955      0.847      0.212      4.355      1.362      0.341     90.929
202   4      13.024      4.758      1.190      0.021      0.006      0.001     81.000
202   5       0.000      0.000      0.000      0.000      0.000      0.000    100.000
202   7      32.374     47.899     11.975      0.002      0.003      0.001      7.746
202   8      39.580     32.006      8.002      0.004      0.002      0.001     20.406
202   9      65.377      9.278      2.319      0.000      0.000      0.000     23.025
202  10       0.001      0.000      0.000     75.216      7.766      1.941     15.076
 56   1      37.500     30.000      7.500      0.000      0.000      0.000     25.000
 56   2       0.398      0.069      0.017     80.828     10.046      2.512      6.130
 56   3       0.971      0.259      0.065      0.000      0.000      0.000     98.706
 56   4       0.000      0.000      0.000      0.000      0.000      0.000    100.000
 56   7      71.944     10.111      2.528      0.000      0.000      0.000     15.417
 56   8     100.000      0.000      0.000      0.000      0.000      0.000      0.000
 56   9      68.509      6.049      1.512      0.056      0.004      0.001     23.869
 56  10       0.014      0.000      0.000     73.031      7.542      1.885     17.528
  2   1       1.368      1.134      0.283      1.263      0.756      0.189     95.007
  2   2       0.629      0.527      0.132     47.465     28.738      7.184     15.326
  2   3       8.615      6.708      1.677      1.236      0.695      0.174     80.896
  2   4       0.016      0.000      0.000      0.142      0.504      0.126     99.213
  2   5       0.000      0.000      0.000      0.000      0.000      0.000    100.000
  2   7      16.626     44.190     11.048      0.000      0.000      0.000     28.136
  2   8      43.891     30.589      7.647      0.025      0.013      0.003     17.832
  2   9      49.290      7.000      1.750      0.050      0.005      0.001     41.904
  2  10       0.042      0.009      0.002      4.909      0.770      0.193     94.075
203   1       0.671      0.280      0.070      0.013      0.004      0.001     98.960
203   2       0.079      0.021      0.005     74.799     14.485      3.621      6.989
203   3       2.106      1.321      0.330      0.677      0.307      0.077     95.182
203   4       0.806      0.669      0.167      0.005      0.003      0.001     98.350
203   5       0.000      0.000      0.000      0.000      0.000      0.000    100.000
203   7      26.330     41.812     10.453      0.006      0.007      0.002     21.390
203   8      36.337     34.375      8.594      0.000      0.000      0.000     20.695
203   9      51.308      9.433      2.358      0.006      0.001      0.000     36.894
203  10       0.002      0.000      0.000     51.211      8.011      2.003     38.772
 69   1      36.822     29.373      7.343      1.557      0.897      0.224     23.784
 69   2       1.282      0.224      0.056     79.640     10.065      2.516      6.217
 69   3       1.466      0.408      0.102      0.000      0.000      0.000     98.024
 69   4       0.000      0.086      0.021      0.000      0.000      0.000     99.893
 69   7      52.775     25.518      6.380      0.054      0.019      0.005     15.249
 69   8      37.307     33.135      8.284      0.000      0.000      0.000     21.274
 69   9      64.345     10.262      2.565      0.019      0.002      0.001     22.806
 69  10       0.032      0.005      0.001     74.000      7.636      1.909     16.417
204   1      24.935     21.252      5.313      0.360      0.222      0.055     47.862
204   2       0.391      0.199      0.050     64.543     23.751      5.938      5.128
204   3       7.212     38.218      9.555      0.000      0.000      0.000     45.015
204   4       0.000      0.000      0.000      0.000      0.000      0.000    100.000
204   5       0.000      0.000      0.000      0.000      0.000      0.000    100.000
204   7      45.943     33.021      8.255      0.000      0.000      0.000     12.782
204   8      36.559     33.773      8.443      0.000      0.000      0.000     21.225
204   9      63.263      6.167      1.542      0.000      0.000      0.000     29.028
204  10       0.000      0.000      0.000     52.361      7.052      1.763     38.823
 39   1       8.393      5.029      1.257      0.379      0.164      0.041     84.737
 39   2      15.533      4.688      1.172     45.664      9.954      2.488     20.500
 39   3       2.978      1.957      0.489      0.156      0.074      0.018     94.327
 39   4       1.104      0.005      0.001      0.000      0.000      0.000     98.890
 39   5       0.000      0.000      0.000      0.000      0.000      0.000    100.000
 39   7      31.263     35.696      8.924      0.000      0.000      0.000     24.116
 39   8      41.844     31.299      7.825      0.043      0.023      0.006     18.960
 39   9      63.256      8.750      2.187      0.000      0.000      0.000     25.807
 39  10       0.003      0.000      0.000     55.929      8.752      2.188     33.128
  3   1       6.839      3.273      0.818      0.676      0.234      0.058     88.100
  3   2       3.750      0.782      0.195     73.527     11.069      2.767      7.909
  3   3       5.255      1.485      0.371      0.246      0.050      0.013     92.580
  3   4       0.690      1.630      0.407      0.000      0.000      0.000     97.273
  3   5       0.000      0.000      0.000      0.000      0.000      0.000    100.000
  3   7      15.261     50.196     12.549      0.023      0.054      0.014     21.904
  3   8      38.563     33.122      8.280      0.053      0.033      0.008     19.941
  3   9      48.767      6.597      1.649      0.042      0.004      0.001     42.940
  3  10       0.014      0.000      0.000     13.766      2.136      0.534     83.550
205   1       6.439      8.285      2.071      0.336      0.313      0.078     82.477
205   2       0.005      0.001      0.000     80.333     11.693      2.923      5.044
205   3       2.884      0.805      0.201      3.182      0.641      0.160     92.127
205   4       0.000      0.000      0.000      0.000      0.000      0.000    100.000
205   7      72.775     16.416      4.104      0.003      0.000      0.000      6.701
205   8      34.063     35.509      8.877      0.114      0.086      0.021     21.329
205   9      69.032      6.194      1.548      0.000      0.000      0.000     23.226
205  10       0.000      0.000      0.000     27.495      3.747      0.937     67.821
 50   1       0.613      0.329      0.082      0.013      0.005      0.001     98.957
 50   2      14.231      4.211      1.053     38.981      8.331      2.083     31.109
 50   3       4.323      2.838      0.709      0.428      0.203      0.051     91.449
 50   4      11.238      3.904      0.976      0.034      0.008      0.002     83.838
 50   5       0.000      0.000      0.000      0.000      0.000      0.000    100.000
 50   7      24.015     42.944     10.736      0.000      0.000      0.000     22.305
 50   9      63.103      6.170      1.543      0.000      0.000      0.000     29.185
 50  10       0.019      0.000      0.000     47.623      7.475      1.869     43.016
241   1      16.640      9.309      2.327      3.360      1.358      0.339     66.667
241   2       0.003      0.000      0.000     81.542     10.674      2.669      5.111
241   3       1.615      0.936      0.234      9.790      4.099      1.025     82.300
241   4       0.000      0.000      0.000      0.000      0.000      0.000    100.000
241   7      38.355     37.148      9.287      0.035      0.024      0.006     15.145
241   8      37.049     33.304      8.326      0.000      0.000      0.000     21.320
241   9      68.328      8.727      2.182      0.025      0.002      0.001     20.734
241  10       0.025      0.004      0.001     48.779      5.036      1.259     44.898
206   1       5.939      4.223      1.056      8.668      4.452      1.113     74.549
206   2       0.045      0.011      0.003     77.501     13.834      3.459      5.147
206   3       2.530      1.459      0.365     11.394      4.747      1.187     78.318
206   4      12.265      4.756      1.189      0.002      0.001      0.000     81.787
206   5       0.000      0.000      0.000      0.000      0.000      0.000    100.000
206   7      33.771     44.731     11.183      0.001      0.001      0.000     10.313
206   8      37.823     33.013      8.253      0.000      0.000      0.000     20.911
206   9      63.774      7.492      1.873      0.000      0.000      0.000     26.862
206  10       0.000      0.000      0.000     70.021      7.230      1.807     20.941
207   1      42.095     19.429      4.857     10.286      3.429      0.857     19.048
207   3       2.431      0.321      0.080      0.434      0.041      0.010     96.682
207   4       0.000      0.000      0.000      0.000      0.000      0.000    100.000
207   7      39.718     37.183      9.296      0.000      0.000      0.000     13.803
207   8      29.526     38.774      9.694      0.000      0.000      0.000     22.006
207   9      27.919     50.964     12.741      0.000      0.000      0.000      8.376
207  10       0.043      0.000      0.000      2.348      0.348      0.087     97.174
  4   1       0.489      0.313      0.078      0.000      0.000      0.000     99.120
  4   2       6.173      1.538      0.384     67.382     12.122      3.030      9.371
  4   3       1.787      0.596      0.149      0.437      0.105      0.026     96.900
  4   4       0.370      0.076      0.019      0.037      0.005      0.001     99.492
  4   5       0.000      0.000      0.000      0.000      0.000      0.000    100.000
  4   7      25.134     40.378     10.095      0.000      0.000      0.000     24.393
  4   8      36.937     33.514      8.378      0.000      0.000      0.000     21.171
  4   9      50.455      6.718      1.679      0.000      0.000      0.000     41.148
  4  10       0.012      0.000      0.000     55.342      8.665      2.166     33.814
208   1      28.409     27.871      6.968      0.345      0.244      0.061     36.102
208   2       0.236      0.082      0.021     71.547     17.961      4.490      5.663
208   3       3.790      1.187      0.297     10.895      2.466      0.616     80.749
208   4       0.000      0.000      0.000      0.000      0.000      0.000    100.000
208   7      45.341     33.601      8.400      0.046      0.025      0.006     12.581
208   8      32.587     36.816      9.204      0.000      0.000      0.000     21.393
208   9      67.473      6.089      1.522      0.000      0.000      0.000     24.916
208  10       0.000      0.000      0.000     47.044      6.337      1.584     45.035
 66   1       2.512      1.873      0.468      0.031      0.016      0.004     95.096
 66   2       0.335      0.102      0.026     71.190     15.726      3.931      8.691
 66   3       2.535      1.752      0.438      1.888      0.942      0.236     92.210
 66   4       0.523      0.410      0.103      0.000      0.000      0.000     98.965
 66   5       0.000      0.000      0.000      0.000      0.000      0.000    100.000
 66   7      29.470     34.390      8.598      0.003      0.003      0.001     27.535
 66   8      40.858     32.301      8.075      0.002      0.001      0.000     18.762
 66   9      48.465     12.598      3.149      0.000      0.000      0.000     35.788
 66  10       0.006      0.001      0.000     34.199      4.606      1.152     60.036
242   1      20.753     21.331      5.333      0.282      0.210      0.052     52.039
242   2       0.045      0.009      0.002     79.838     11.922      2.981      5.203
242   3       1.944      0.975      0.244      6.148      2.227      0.557     87.905
242   4       0.367      0.256      0.064      0.036      0.018      0.005     99.254
242   7      39.794     36.417      9.104      0.000      0.000      0.000     14.685
242   8      40.770     31.907      7.977      0.021      0.012      0.003     19.311
242   9      66.623     10.657      2.664      0.004      0.000      0.000     20.051
242  10       0.001      0.000      0.000     72.788      7.517      1.879     17.816
243   1      11.937     12.401      3.100      2.638      1.979      0.495     67.449
243   2       0.003      0.001      0.000     80.556     11.490      2.873      5.077
243   3       1.167      0.611      0.153      7.037      2.661      0.665     87.705
243   4       0.257      0.000      0.000      0.025      0.000      0.000     99.718
243   7      37.607     38.338      9.584      0.009      0.006      0.002     14.455
243   8      35.159     35.721      8.930      0.000      0.000      0.000     20.190
243   9      70.419      6.411      1.603      0.002      0.000      0.000     21.566
243  10       0.008      0.001      0.000     76.111      7.859      1.965     14.056
209   1       8.697      8.484      2.121      0.449      0.316      0.079     79.853
209   2       0.037      0.007      0.002     81.269     10.866      2.716      5.104
209   3       1.935      0.852      0.213      9.748      3.099      0.775     83.378
209   4       3.165      1.178      0.295      0.005      0.001      0.000     95.356
209   5       0.000      0.000      0.000      0.000      0.000      0.000    100.000
209   7      32.520     44.618     11.155      0.009      0.009      0.002     11.688
209   8      31.119     37.880      9.470      0.029      0.025      0.006     21.471
209   9      67.374      6.926      1.732      0.000      0.000      0.000     23.969
209  10       0.002      0.000      0.000     69.702      7.194      1.799     21.303
210   1       1.563      1.008      0.252      0.031      0.014      0.004     97.130
210   2      13.392      4.226      1.057     52.153     11.886      2.972     14.315
210   3       4.329      0.647      0.162      0.000      0.000      0.000     94.862
210   4      19.269      7.245      1.811      0.000      0.000      0.000     71.674
210   5       0.000      0.000      0.000      0.000      0.000      0.000    100.000
210   7      38.933     38.812      9.703      0.000      0.000      0.000     12.552
210   8      35.852     34.458      8.614      0.000      0.000      0.000     21.076
210   9      63.629      6.805      1.701      0.003      0.000      0.000     27.862
210  10       0.000      0.000      0.000     49.452      6.660      1.665     42.223
244   1       6.687      4.409      1.102      0.415      0.197      0.049     87.140
244   2       0.531      0.112      0.028     78.897     11.964      2.991      5.478
244   3       4.890      3.113      0.778      4.133      1.900      0.475     84.711
244   4      23.718      8.724      2.181      0.013      0.004      0.001     65.359
244   5       0.000      0.000      0.000      0.000      0.000      0.000    100.000
244   7      36.008     37.898      9.474      0.006      0.004      0.001     16.608
244   8      39.635     32.092      8.023      0.000      0.000      0.000     20.250
244   9      68.975      8.031      2.008      0.000      0.000      0.000     20.986
244  10       0.001      0.000      0.000     77.601      8.012      2.003     12.383
 49   1       2.612      2.858      0.715      0.258      0.204      0.051     93.301
 49   2       1.759      0.843      0.211     61.089     21.139      5.285      9.675
 49   3       1.368      0.505      0.126      0.474      0.126      0.032     97.368
 49   4       0.383      0.706      0.177      0.038      0.050      0.013     98.634
 49   5       0.000      0.000      0.000      0.000      0.000      0.000    100.000
 49   7      18.027     39.515      9.879      0.332      0.526      0.132     31.590
 49   8      35.987     34.163      8.541      0.000      0.000      0.000     21.310
 49   9      51.596      7.453      1.863      0.105      0.011      0.003     38.970
 49  10       0.007      0.000      0.000     55.940      8.752      2.188     33.114
 55   1       7.745     10.326      2.582      0.766      0.738      0.184     77.660
 55   2       2.447      1.043      0.261     51.671     15.899      3.975     24.706
 55   3       1.045      0.334      0.084      0.000      0.000      0.000     98.537
 55   4       0.000      0.000      0.000      0.000      0.000      0.000    100.000
 55   7      24.736     39.770      9.942      0.437      0.508      0.127     24.479
 55   8      33.333     37.333      9.333      0.000      0.000      0.000     20.000
 55   9      45.373      6.205      1.551      0.706      0.070      0.017     46.078
 55  10       0.259      0.000      0.000     48.879      7.586      1.897     41.379
 46   1       0.487      0.327      0.082      0.098      0.048      0.012     98.947
 46   2      21.327      7.767      1.942     37.916      9.973      2.493     18.581
 46   3       1.880      0.925      0.231      0.289      0.103      0.026     96.546
 46   4       1.855      2.840      0.710      0.012      0.013      0.003     94.567
 46   5       0.000      0.000      0.000      0.000      0.000      0.000    100.000
 46   7      24.221     38.947      9.737      0.000      0.000      0.000     27.095
 46   8      38.240     33.076      8.269      0.000      0.000      0.000     20.414
 46   9      50.281      6.786      1.696      0.000      0.000      0.000     41.237
 46  10       0.012      0.003      0.001     48.436      7.577      1.894     42.078
  6   1       6.188      2.649      0.662      0.075      0.023      0.006     90.397
  6   2       0.375      0.064      0.016     76.474      9.434      2.359     11.278
  6   3       1.278      0.524      0.131      0.719      0.213      0.053     97.081
  6   4       0.262      0.000      0.000      0.000      0.000      0.000     99.738
  6   5       0.000      0.000      0.000      0.000      0.000      0.000    100.000
  6   7      18.506     42.013     10.503      0.000      0.000      0.000     28.977
  6   8      38.918     32.802      8.200      0.000      0.000      0.000     20.080
  6   9      48.206      6.603      1.651      0.000      0.000      0.000     43.541
  6  10       0.000      0.000      0.000      6.984      1.076      0.269     91.671
245   1      21.864     22.152      5.538      0.580      0.424      0.106     49.337
245   2       0.007      0.000      0.000     80.704     11.304      2.826      5.158
245   3       7.326      9.493      2.373      1.405      1.315      0.329     77.759
245   4       0.655      0.058      0.015      0.000      0.000      0.000     99.272
245   7      38.518     35.611      8.903      0.000      0.000      0.000     16.968
245   8      35.205     34.924      8.731      0.000      0.000      0.000     21.140
245   9      63.302     14.385      3.596      0.000      0.000      0.000     18.716
245  10       0.000      0.000      0.000     68.124      7.032      1.758     23.086
237   1      23.618     21.789      5.447      0.102      0.068      0.017     48.958
237   2       0.064      0.015      0.004     78.149     12.878      3.220      5.672
237   3       1.426      0.267      0.067      0.386      0.052      0.013     97.789
237   4       7.115      1.902      0.476      0.001      0.000      0.000     90.506
237   5       0.000      0.000      0.000      0.000      0.000      0.000    100.000
237   7      44.532     31.493      7.873      0.003      0.002      0.000     16.096
237   8      35.244     34.587      8.647      0.000      0.000      0.000     21.522
237   9      63.907     10.824      2.706      0.000      0.000      0.000     22.563
237  10       0.000      0.000      0.000     75.331      7.777      1.944     14.947
 43   1       0.423      0.098      0.024      0.042      0.007      0.002     99.405
 43   2       0.290      0.062      0.016     77.488     11.999      3.000      7.144
 43   3       1.209      1.116      0.279      1.116      0.744      0.186     95.349
 43   4       0.000      0.000      0.000      0.000      0.000      0.000    100.000
 43   5       0.000      0.000      0.000      0.000      0.000      0.000    100.000
 43   7      21.087     39.547      9.887      0.567      0.768      0.192     27.953
 43   8      35.202     35.140      8.785      0.000      0.000      0.000     20.872
 43   9      28.970     46.255     11.564      0.000      0.000      0.000     13.212
 43  10       0.019      0.000      0.000     49.934      7.798      1.949     40.300
  7   1       1.155      0.923      0.231      0.665      0.384      0.096     96.547
  7   2       1.312      0.918      0.230     45.962     23.244      5.811     22.524
  7   3       1.284      0.988      0.247      0.046      0.025      0.006     97.403
  7   4       0.249      0.153      0.038      0.025      0.011      0.003     99.521
  7   5       0.000      0.000      0.000      0.000      0.000      0.000    100.000
  7   7       9.973     17.369      4.342      0.000      0.000      0.000     68.315
  7   8      43.092     30.584      7.646      0.104      0.053      0.013     18.508
  7   9      58.112      6.229      1.557      0.198      0.015      0.004     33.884
  7  10       0.000      0.000      0.000      1.259      0.336      0.084     98.322
  8   1      16.333     15.195      3.799      0.143      0.096      0.024     64.410
  8   2       1.991      0.947      0.237     61.074     20.974      5.243      9.533
  8   3       8.485      3.403      0.851      0.940      0.272      0.068     85.980
  8   4       1.583      0.869      0.217      0.000      0.000      0.000     97.330
  8   5       0.000      0.000      0.000      0.000      0.000      0.000    100.000
  8   7      14.936     43.648     10.912      0.000      0.000      0.000     30.504
  8   8      39.086     32.552      8.138      0.000      0.000      0.000     20.224
  8   9      49.313      6.688      1.672      0.003      0.000      0.000     42.324
  8  10       0.005      0.000      0.000     14.958      2.337      0.584     82.115
211   1       7.824      4.481      1.120      0.013      0.005      0.001     86.555
 81   1       7.824      4.481      1.120      0.013      0.005      0.001     86.555
 76   1       7.824      4.481      1.120      0.013      0.005      0.001     86.555
 77   1       7.824      4.481      1.120      0.013      0.005      0.001     86.555
 78   1       7.824      4.481      1.120      0.013      0.005      0.001     86.555
 79   1       7.824      4.481      1.120      0.013      0.005      0.001     86.555
 94   1       7.824      4.481      1.120      0.013      0.005      0.001     86.555
 95   1       7.824      4.481      1.120      0.013      0.005      0.001     86.555
211   2      36.204     15.123      3.781      1.104      0.333      0.083     43.372
 81   2      36.204     15.123      3.781      1.104      0.333      0.083     43.372
 76   2      36.204     15.123      3.781      1.104      0.333      0.083     43.372
 77   2      36.204     15.123      3.781      1.104      0.333      0.083     43.372
 78   2      36.204     15.123      3.781      1.104      0.333      0.083     43.372
 79   2      36.204     15.123      3.781      1.104      0.333      0.083     43.372
 94   2      36.204     15.123      3.781      1.104      0.333      0.083     43.372
 95   2      36.204     15.123      3.781      1.104      0.333      0.083     43.372
211   3       5.738      4.901      1.225      0.027      0.017      0.004     88.087
 81   3       5.738      4.901      1.225      0.027      0.017      0.004     88.087
 76   3       5.738      4.901      1.225      0.027      0.017      0.004     88.087
 77   3       5.738      4.901      1.225      0.027      0.017      0.004     88.087
 78   3       5.738      4.901      1.225      0.027      0.017      0.004     88.087
 79   3       5.738      4.901      1.225      0.027      0.017      0.004     88.087
 94   3       5.738      4.901      1.225      0.027      0.017      0.004     88.087
 95   3       5.738      4.901      1.225      0.027      0.017      0.004     88.087
211   4       0.533      0.094      0.023      0.009      0.001      0.000     99.339
 81   4       0.533      0.094      0.023      0.009      0.001      0.000     99.339
 76   4       0.533      0.094      0.023      0.009      0.001      0.000     99.339
 77   4       0.533      0.094      0.023      0.009      0.001      0.000     99.339
 78   4       0.533      0.094      0.023      0.009      0.001      0.000     99.339
 79   4       0.533      0.094      0.023      0.009      0.001      0.000     99.339
 94   4       0.533      0.094      0.023      0.009      0.001      0.000     99.339
 95   4       0.533      0.094      0.023      0.009      0.001      0.000     99.339
211   5       0.000      0.000      0.000      0.000      0.000      0.000    100.000
 81   5       0.000      0.000      0.000      0.000      0.000      0.000    100.000
 76   5       0.000      0.000      0.000      0.000      0.000      0.000    100.000
 77   5       0.000      0.000      0.000      0.000      0.000      0.000    100.000
 78   5       0.000      0.000      0.000      0.000      0.000      0.000    100.000
 79   5       0.000      0.000      0.000      0.000      0.000      0.000    100.000
 94   5       0.000      0.000      0.000      0.000      0.000      0.000    100.000
 95   5       0.000      0.000      0.000      0.000      0.000      0.000    100.000
211   7      69.272     13.862      3.466      0.013      0.002      0.000     13.385
 81   7      69.272     13.862      3.466      0.013      0.002      0.000     13.385
 76   7      69.272     13.862      3.466      0.013      0.002      0.000     13.385
 77   7      69.272     13.862      3.466      0.013      0.002      0.000     13.385
 78   7      69.272     13.862      3.466      0.013      0.002      0.000     13.385
 79   7      69.272     13.862      3.466      0.013      0.002      0.000     13.385
 94   7      69.272     13.862      3.466      0.013      0.002      0.000     13.385
 95   7      69.272     13.862      3.466      0.013      0.002      0.000     13.385
211   8      48.126     28.948      7.237      0.038      0.017      0.004     15.631
 81   8      48.126     28.948      7.237      0.038      0.017      0.004     15.631
 76   8      48.126     28.948      7.237      0.038      0.017      0.004     15.631
 77   8      48.126     28.948      7.237      0.038      0.017      0.004     15.631
 78   8      48.126     28.948      7.237      0.038      0.017      0.004     15.631
 79   8      48.126     28.948      7.237      0.038      0.017      0.004     15.631
 94   8      48.126     28.948      7.237      0.038      0.017      0.004     15.631
 95   8      48.126     28.948      7.237      0.038      0.017      0.004     15.631
211   9      59.267     18.274      4.569      0.014      0.003      0.001     17.872
 81   9      59.267     18.274      4.569      0.014      0.003      0.001     17.872
 76   9      59.267     18.274      4.569      0.014      0.003      0.001     17.872
 77   9      59.267     18.274      4.569      0.014      0.003      0.001     17.872
 78   9      59.267     18.274      4.569      0.014      0.003      0.001     17.872
 79   9      59.267     18.274      4.569      0.014      0.003      0.001     17.872
 94   9      59.267     18.274      4.569      0.014      0.003      0.001     17.872
 95   9      59.267     18.274      4.569      0.014      0.003      0.001     17.872
211  10       0.001      0.000      0.000     75.026      7.746      1.937     15.290
 81  10       0.001      0.000      0.000     75.026      7.746      1.937     15.290
 76  10       0.001      0.000      0.000     75.026      7.746      1.937     15.290
 77  10       0.001      0.000      0.000     75.026      7.746      1.937     15.290
 78  10       0.001      0.000      0.000     75.026      7.746      1.937     15.290
 79  10       0.001      0.000      0.000     75.026      7.746      1.937     15.290
 94  10       0.001      0.000      0.000     75.026      7.746      1.937     15.290
 95  10       0.001      0.000      0.000     75.026      7.746      1.937     15.290
 54   1      34.667     31.179      7.795      0.750      0.487      0.122     25.000
 54   2       0.692      0.117      0.029     80.947      9.874      2.469      5.872
 54   3       0.757      0.233      0.058      0.699      0.155      0.039     98.058
 54   4       0.000      0.000      0.000      0.000      0.000      0.000    100.000
 54   5       0.000      0.000      0.000      0.000      0.000      0.000    100.000
 54   7      49.428     28.261      7.065      0.000      0.000      0.000     15.245
 54   8      37.864     32.621      8.155      0.000      0.000      0.000     21.359
 54   9      68.545      6.302      1.575      0.000      0.000      0.000     23.578
 54  10       0.029      0.004      0.001     74.901      7.737      1.934     15.393
 60   1       2.819      1.569      0.392      0.332      0.134      0.033     94.720
  9   1       2.819      1.569      0.392      0.332      0.134      0.033     94.720
 10   1       2.819      1.569      0.392      0.332      0.134      0.033     94.720
 60   2       5.842      3.644      0.911     43.040     19.388      4.847     22.327
  9   2       5.842      3.644      0.911     43.040     19.388      4.847     22.327
 10   2       5.842      3.644      0.911     43.040     19.388      4.847     22.327
 60   3       3.833      1.985      0.496      0.805      0.301      0.075     92.505
  9   3       3.833      1.985      0.496      0.805      0.301      0.075     92.505
 10   3       3.833      1.985      0.496      0.805      0.301      0.075     92.505
 60   4       0.695      0.717      0.179      0.004      0.003      0.001     98.402
  9   4       0.695      0.717      0.179      0.004      0.003      0.001     98.402
 10   4       0.695      0.717      0.179      0.004      0.003      0.001     98.402
 60   5       0.000      0.000      0.000      0.000      0.000      0.000    100.000
  9   5       0.000      0.000      0.000      0.000      0.000      0.000    100.000
 10   5       0.000      0.000      0.000      0.000      0.000      0.000    100.000
 60   7      17.646     39.993      9.998      0.000      0.000      0.000     32.363
  9   7      17.646     39.993      9.998      0.000      0.000      0.000     32.363
 10   7      17.646     39.993      9.998      0.000      0.000      0.000     32.363
 60   8      37.390     33.792      8.448      0.000      0.000      0.000     20.370
  9   8      37.390     33.792      8.448      0.000      0.000      0.000     20.370
 10   8      37.390     33.792      8.448      0.000      0.000      0.000     20.370
 60   9      48.189      6.571      1.643      0.000      0.000      0.000     43.598
  9   9      48.189      6.571      1.643      0.000      0.000      0.000     43.598
 10   9      48.189      6.571      1.643      0.000      0.000      0.000     43.598
 60  10       0.015      0.000      0.000      2.058      0.329      0.082     97.515
  9  10       0.015      0.000      0.000      2.058      0.329      0.082     97.515
 10  10       0.015      0.000      0.000      2.058      0.329      0.082     97.515
 11   1       3.547      3.427      0.857      0.028      0.019      0.005     92.118
 11   2       0.424      0.119      0.030     74.147     15.031      3.758      6.492
 11   3       0.205      0.239      0.060      0.189      0.159      0.040     99.109
 11   4       0.198      0.000      0.000      0.020      0.000      0.000     99.783
 11   5       0.000      0.000      0.000      0.000      0.000      0.000    100.000
 11   7      30.118     34.030      8.508      0.022      0.018      0.004     27.300
 11   8      42.287     30.744      7.686      0.000      0.000      0.000     19.283
 11   9      50.620      6.755      1.689      0.000      0.000      0.000     40.936
 11  10       0.014      0.003      0.001     57.957      9.072      2.268     30.685
 12   1       2.543      1.174      0.293      0.252      0.084      0.021     95.633
 12   2       5.842      1.416      0.354     65.149     11.402      2.851     12.987
 12   3       1.620      0.498      0.125      0.561      0.125      0.031     97.040
 12   4       0.928      0.913      0.228      0.000      0.000      0.000     97.931
 12   5       0.000      0.000      0.000      0.000      0.000      0.000    100.000
 12   7      26.720     35.722      8.930      0.047      0.045      0.011     28.525
 12   8      37.945     32.964      8.241      0.000      0.000      0.000     20.850
 12   9      48.707      6.662      1.666      0.000      0.000      0.000     42.965
 12  10       0.062      0.013      0.003     21.869      3.419      0.855     73.778
 13   2       6.667     58.667     14.667      0.000      0.000      0.000     20.000
 13   3       0.000      0.000      0.000      0.000      0.000      0.000    100.000
 13   4       0.000      0.000      0.000      0.000      0.000      0.000    100.000
 13   5       0.000      0.000      0.000      0.000      0.000      0.000    100.000
 13   7      21.873     35.486      8.872      1.143      1.339      0.335     30.952
 13   8      35.061     33.562      8.391      0.545      0.377      0.094     21.970
 13   9      49.091      7.273      1.818      0.000      0.000      0.000     41.818
 13  10       7.059      0.000      0.000     10.588      4.706      1.176     76.471
212   1       2.228      1.888      0.472      0.081      0.049      0.012     95.270
212   2       2.184      0.716      0.179     68.955     16.340      4.085      7.540
212   3       4.412      7.202      1.801      3.415      4.026      1.007     78.137
212   4       4.363      1.679      0.420      0.002      0.001      0.000     93.535
212   5       0.000      0.000      0.000      0.000      0.000      0.000    100.000
212   7      38.175     38.564      9.641      0.003      0.002      0.001     13.614
212   8      33.408     35.992      8.998      0.000      0.000      0.000     21.603
212   9      62.087      6.495      1.624      0.000      0.000      0.000     29.794
212  10       0.001      0.000      0.000     51.165      6.891      1.723     40.221
213   1      11.513     10.971      2.743      0.000      0.000      0.000     74.774
213   2       0.067      0.019      0.005     75.063     15.601      3.900      5.344
213   3       2.081      1.226      0.306      7.420      3.156      0.789     85.021
213   4       0.190      0.084      0.021      0.005      0.002      0.000     99.698
213   5       0.000      0.000      0.000      0.000      0.000      0.000    100.000
213   7      49.715     31.780      7.945      0.000      0.000      0.000     10.559
213   8      35.217     34.664      8.666      0.000      0.000      0.000     21.453
213   9      64.110      9.225      2.306      0.003      0.000      0.000     24.354
213  10       0.001      0.000      0.000     50.155      6.755      1.689     41.400
 14   1       3.617      0.445      0.111      0.556      0.049      0.012     95.209
 14   2      50.406     19.350      4.837      5.267      1.460      0.365     18.314
 14   3       2.423      2.343      0.586      1.161      0.811      0.203     92.473
 14   4       0.617      0.000      0.000      0.000      0.000      0.000     99.383
 14   5       0.000      0.000      0.000      0.000      0.000      0.000    100.000
 14   7      17.562     37.950      9.488      0.000      0.000      0.000     35.000
 14   8      36.905     33.314      8.328      0.136      0.088      0.022     21.206
 14   9      46.195      6.372      1.593      0.000      0.000      0.000     45.841
 14  10       0.163      0.000      0.000      4.412      1.176      0.294     93.954
214   1       2.281      2.101      0.525      0.000      0.000      0.000     95.093
214   2       4.769     10.122      2.531     19.491     29.878      7.469     25.740
214   3       1.831      1.773      0.443      0.000      0.000      0.000     95.952
214   4       0.015      0.000      0.000      0.000      0.000      0.000     99.985
214   5       0.000      0.000      0.000      0.000      0.000      0.000    100.000
214   7      32.629     33.195      8.299      0.000      0.000      0.000     25.877
214   8      37.231     33.041      8.260      0.078      0.050      0.012     21.328
214   9      61.955      6.625      1.656      0.077      0.006      0.001     29.679
214  10       0.022      0.005      0.001     38.490      6.021      1.505     53.956
 15   1       5.005      2.980      0.745      0.671      0.289      0.072     90.238
 15   2       0.255      0.068      0.017     74.747     14.416      3.604      6.893
 15   3       3.704      1.540      0.385      0.000      0.000      0.000     94.370
 15   4       0.976      1.461      0.365      0.029      0.031      0.008     97.131
 15   5       0.000      0.000      0.000      0.000      0.000      0.000    100.000
 15   7      25.601     41.302     10.325      0.000      0.000      0.000     22.771
 15   8      36.523     32.581      8.145      0.000      0.000      0.000     22.751
 15   9      50.135      6.982      1.745      0.016      0.002      0.000     41.119
 15  10       0.003      0.000      0.000     21.793      2.931      0.733     74.540
215   1      10.920      9.948      2.487      0.012      0.008      0.002     76.622
215   2      10.078      4.037      1.009      8.116      2.348      0.587     73.825
215   3       1.153      0.677      0.169      0.109      0.046      0.012     97.833
215   4       2.645      2.343      0.586      0.000      0.000      0.000     94.426
215   5       0.000      0.000      0.000      0.000      0.000      0.000    100.000
