# PPMco splits for EmChem09soa
# Data derived from IIASA estimate, May 2016
# Key-word, MASS_ASSUMED= 0 by default,
# change when emissions have artificial mass, e.g. 46 for NOx as NO2
# Biomass burning emissions, IE_BB = 101 (not used here)
: MASS_ASSUMED 0
99 99   POM_c_FFUEL   EC_c_FFUEL  EC_c_WOOD REMPPM_c  #HEADERS
#DATA
201   1       2.991      0.000      0.000     97.009
201   2       1.463      0.031      0.000     98.506
201   3       0.000      0.000      0.000    100.000
201   4       0.000      0.000      0.000    100.000
201   5       0.000      0.000      0.000    100.000
201   7      81.222      6.199      0.000     12.580
201   8       0.000      0.000      0.000    100.000
201  10       0.000      0.000      0.000    100.000
  1   1      50.000      0.000      0.000     50.000
  1   2       0.000      1.449      0.000     98.551
  1   3       0.000      0.000      0.000    100.000
  1   4       0.000      0.000      0.000    100.000
  1   5       0.000      0.000      0.000    100.000
  1   7      74.194      3.226      0.000     22.581
  1   8       0.000      0.000      0.000    100.000
  1   9       0.000      0.000      0.000    100.000
  1  10       8.085      0.000      0.000     91.915
202   1       5.315      0.000      0.000     94.685
202   2       1.863      3.934      0.000     94.203
202   3       0.000      0.000      0.000    100.000
202   4       0.000      0.000      0.000    100.000
202   5       0.000      0.000      0.000    100.000
202   7      91.221      8.779      0.000      0.000
202   8       0.000      0.000      0.000    100.000
202   9       0.000      0.000      0.000    100.000
202  10      16.133      0.000      0.000     83.867
 56   1     100.000      0.000      0.000      0.000
 56   2       9.091      9.091      0.000     81.818
 56   3       0.000      0.000      0.000    100.000
 56   4       0.000      0.000      0.000    100.000
 56   7      32.381      8.571      0.000     59.048
 56   9       0.000      0.000      0.000    100.000
 56  10      13.364      0.000      0.000     86.636
  2   1       1.245      0.000      0.000     98.755
  2   2       1.667      5.278      0.000     93.056
  2   3       0.000      0.000      0.000    100.000
  2   4       0.000      0.000      0.000    100.000
  2   5       0.000      0.000      0.000    100.000
  2   7      29.795      3.287      0.000     66.918
  2   8      19.540      0.000      0.000     80.460
  2   9       0.000      0.000      0.000    100.000
  2  10       0.161      0.000      0.000     99.839
203   1       0.114      0.000      0.000     99.886
203   2       0.365      0.456      0.000     99.179
203   3       0.000      0.000      0.000    100.000
203   4       0.000      0.000      0.000    100.000
203   5       0.000      0.000      0.000    100.000
203   7      58.428     10.103      0.000     31.469
203   8       0.000      0.000      0.000    100.000
203   9       0.000      0.000      0.000    100.000
203  10       6.040      0.000      0.000     93.960
 69   1      60.000      0.000      0.000     40.000
 69   2       5.556      0.000      0.000     94.444
 69   3       0.000      0.000      0.000    100.000
 69   4       0.000      0.000      0.000    100.000
 69   7      92.213      7.787      0.000      0.000
 69   8       0.000      0.000      0.000    100.000
 69   9       0.000      0.000      0.000    100.000
 69  10      14.458      0.000      0.000     85.542
204   1       3.883      0.000      0.000     96.117
204   2       2.673      0.016      0.000     97.311
204   3       0.000      0.000      0.000    100.000
204   4       0.000      0.000      0.000    100.000
204   5       0.000      0.000      0.000    100.000
204   7      92.343      7.657      0.000      0.000
204   8       0.000      0.000      0.000    100.000
204   9       0.000      0.000      0.000    100.000
204  10      15.103      0.000      0.000     84.897
 39   1       1.198      0.000      0.000     98.802
 39   2       5.361      1.589      0.000     93.050
 39   3       0.000      0.000      0.000    100.000
 39   4       0.000      0.000      0.000    100.000
 39   5       0.000      0.000      0.000    100.000
 39   7      50.907      3.056      0.000     46.036
 39   8       0.000      0.000      0.000    100.000
 39   9       0.000      0.000      0.000    100.000
 39  10       8.503      0.000      0.000     91.497
  3   1       3.846      0.000      0.000     96.154
  3   2       7.241      7.414      0.000     85.345
  3   3       0.000      0.000      0.000    100.000
  3   4       0.000      0.000      0.000    100.000
  3   5       0.000      0.000      0.000    100.000
  3   7      33.042      3.263      0.000     63.695
  3   8       9.483      0.000      0.000     90.517
  3   9       0.000      0.000      0.000    100.000
  3  10       0.602      0.000      0.000     99.398
205   1       0.658      0.000      0.000     99.342
205   2       0.035      0.035      0.000     99.929
205   3       0.000      0.000      0.000    100.000
205   4       0.000      0.000      0.000    100.000
205   7      57.667      5.500      0.000     36.833
205   8       0.000      0.000      0.000    100.000
205   9       0.000      0.000      0.000    100.000
205  10       1.553      0.000      0.000     98.447
 50   1       0.035      0.000      0.000     99.965
 50   2       2.886      1.554      0.000     95.560
 50   3       0.000      0.000      0.000    100.000
 50   4       0.000      0.000      0.000    100.000
 50   5       0.000      0.000      0.000    100.000
 50   7      69.231      3.077      0.000     27.692
 50   9       0.000      0.000      0.000    100.000
 50  10       4.506      0.000      0.000     95.494
241   1      14.286      0.000      0.000     85.714
241   2       0.146      1.170      0.000     98.684
241   3       0.000      0.000      0.000    100.000
241   4       0.000      0.000      0.000    100.000
241   7      90.945      9.055      0.000      0.000
241   8       0.000      0.000      0.000    100.000
241   9       0.000      0.000      0.000    100.000
241  10       3.383      0.000      0.000     96.617
206   1       5.254      0.000      0.000     94.746
206   2       0.268      0.187      0.000     99.545
206   3       0.000      0.000      0.000    100.000
206   4       0.000      0.000      0.000    100.000
206   5       0.000      0.000      0.000    100.000
206   7      89.950      9.611      0.000      0.438
206   8       0.000      0.000      0.000    100.000
206   9       0.000      0.000      0.000    100.000
206  10      10.552      0.000      0.000     89.448
207   1     100.000      0.000      0.000      0.000
207   3       0.000      0.000      0.000    100.000
207   4       0.000      0.000      0.000    100.000
207   7      75.238      9.524      0.000     15.238
207   8       0.000      0.000      0.000    100.000
207   9       0.000      0.000      0.000    100.000
207  10       0.065      0.000      0.000     99.935
  4   1       0.358      0.000      0.000     99.642
  4   2       7.478      4.129      0.000     88.393
  4   3       0.000      0.000      0.000    100.000
  4   4       0.000      0.000      0.000    100.000
  4   5       0.000      0.000      0.000    100.000
  4   7      46.909      3.273      0.000     49.818
  4   8       5.714      0.000      0.000     94.286
  4   9       0.000      0.000      0.000    100.000
  4  10       8.277      0.000      0.000     91.723
208   1      20.000      0.000      0.000     80.000
208   2       1.455      0.000      0.000     98.545
208   3       0.000      0.000      0.000    100.000
208   4       0.000      0.000      0.000    100.000
208   7      92.965      7.035      0.000      0.000
208   8       0.000      0.000      0.000    100.000
208   9       0.000      0.000      0.000    100.000
208  10       7.113      0.000      0.000     92.887
 66   1       0.416      0.000      0.000     99.584
 66   2       0.973      1.313      0.000     97.715
 66   3       0.000      0.000      0.000    100.000
 66   4       0.000      0.000      0.000    100.000
 66   5       0.000      0.000      0.000    100.000
 66   7      48.870     10.433      0.000     40.697
 66   8       0.000      0.000      0.000    100.000
 66   9       0.000      0.000      0.000    100.000
 66  10       1.959      0.000      0.000     98.041
242   1       7.343      0.000      0.000     92.657
242   2       0.243      1.990      0.000     97.767
242   3       0.000      0.000      0.000    100.000
242   4       0.000      0.000      0.000    100.000
242   7      91.173      8.827      0.000      0.000
242   8       0.000      0.000      0.000    100.000
242   9       0.000      0.000      0.000    100.000
242  10      12.993      0.000      0.000     87.007
243   1       5.184      0.000      0.000     94.816
243   2       0.015      0.077      0.000     99.907
243   3       0.000      0.000      0.000    100.000
243   4       0.000      0.000      0.000    100.000
243   7      91.284      8.716      0.000      0.000
243   8       0.000      0.000      0.000    100.000
243   9       0.000      0.000      0.000    100.000
243  10      17.093      0.000      0.000     82.907
209   1       1.020      0.000      0.000     98.980
209   2       0.111      0.519      0.000     99.370
209   3       0.000      0.000      0.000    100.000
209   4       0.000      0.000      0.000    100.000
209   5       0.000      0.000      0.000    100.000
209   7      79.288      9.837      0.000     10.875
209   8       0.000      0.000      0.000    100.000
209   9       0.000      0.000      0.000    100.000
209  10      10.132      0.000      0.000     89.868
210   1       0.106      0.000      0.000     99.894
210   2       9.159      8.849      0.000     81.992
210   3       0.000      0.000      0.000    100.000
210   4       0.000      0.000      0.000    100.000
210   5       0.000      0.000      0.000    100.000
210   7      91.627      8.282      0.000      0.091
210   8       0.000      0.000      0.000    100.000
210   9       0.000      0.000      0.000    100.000
210  10       9.111      0.000      0.000     90.889
244   1       0.526      0.000      0.000     99.474
244   2       0.921      0.867      0.000     98.212
244   3       0.000      0.000      0.000    100.000
244   4       0.000      0.000      0.000    100.000
244   5       0.000      0.000      0.000    100.000
244   7      90.971      9.029      0.000      0.000
244   8       0.000      0.000      0.000    100.000
244   9       0.000      0.000      0.000    100.000
244  10      20.064      0.000      0.000     79.936
 49   1       0.412      0.000      0.000     99.588
 49   2       2.516      2.516      0.000     94.969
 49   3       0.000      0.000      0.000    100.000
 49   4       0.000      0.000      0.000    100.000
 49   5       0.000      0.000      0.000    100.000
 49   7      29.684      3.163      0.000     67.153
 49   8       3.077      0.000      0.000     96.923
 49   9       0.000      0.000      0.000    100.000
 49  10       8.389      0.000      0.000     91.611
 55   1       1.389      0.000      0.000     98.611
 55   2       0.000     14.286      0.000     85.714
 55   3       0.000      0.000      0.000    100.000
 55   4       0.000      0.000      0.000    100.000
 55   7      41.216      3.378      0.000     55.405
 55   8       0.000      0.000      0.000    100.000
 55  10       4.577      0.000      0.000     95.423
 46   1       0.379      0.000      0.000     99.621
 46   2      18.811      3.641      0.000     77.549
 46   3       0.000      0.000      0.000    100.000
 46   4       0.000      0.000      0.000    100.000
 46   5       0.000      0.000      0.000    100.000
 46   7      40.632      3.230      0.000     56.138
 46   8       8.333      0.000      0.000     91.667
 46   9       0.000      0.000      0.000    100.000
 46  10       4.797      0.000      0.000     95.203
  6   1       2.804      0.000      0.000     97.196
  6   2       0.544      0.762      0.000     98.694
  6   3       0.000      0.000      0.000    100.000
  6   4       0.000      0.000      0.000    100.000
  6   5       0.000      0.000      0.000    100.000
  6   7      30.535      3.253      0.000     66.212
  6   8       8.451      0.000      0.000     91.549
  6   9       0.000      0.000      0.000    100.000
  6  10       0.207      0.000      0.000     99.793
245   1      10.244      0.000      0.000     89.756
245   2       0.000      0.000      0.000    100.000
245   3       0.000      0.000      0.000    100.000
245   4       0.000      0.000      0.000    100.000
245   7      90.985      9.015      0.000      0.000
245   8       0.000      0.000      0.000    100.000
245   9       0.000      0.000      0.000    100.000
245  10       9.351      0.000      0.000     90.649
237   1       9.587      0.000      0.000     90.413
237   2       0.535      2.139      0.000     97.326
237   3       0.000      0.000      0.000    100.000
237   4       0.000      0.000      0.000    100.000
237   5       0.000      0.000      0.000    100.000
237   7      91.810      8.190      0.000      0.000
237   8       0.000      0.000      0.000    100.000
237   9       0.000      0.000      0.000    100.000
237  10      15.861      0.000      0.000     84.139
 43   1       0.077      0.000      0.000     99.923
 43   2       0.488      0.244      0.000     99.268
 43   3       0.000      0.000      0.000    100.000
 43   4       0.000      0.000      0.000    100.000
 43   5       0.000      0.000      0.000    100.000
 43   7      36.025      3.106      0.000     60.870
 43   8       5.556      0.000      0.000     94.444
 43   9       0.000      0.000      0.000    100.000
 43  10       5.344      0.000      0.000     94.656
  7   1       0.573      0.000      0.000     99.427
  7   2       2.905      8.104      0.000     88.991
  7   3       0.000      0.000      0.000    100.000
  7   4       0.000      0.000      0.000    100.000
  7   5       0.000      0.000      0.000    100.000
  7   7      29.283      3.922      0.000     66.796
  7   8      43.850      0.000      0.000     56.150
  7   9       0.000      0.000      0.000    100.000
  7  10       0.038      0.000      0.000     99.962
  8   1       3.507      0.000      0.000     96.493
  8   2       3.523      3.388      0.000     93.089
  8   3       0.000      0.000      0.000    100.000
  8   4       0.000      0.000      0.000    100.000
  8   5       0.000      0.000      0.000    100.000
  8   7      30.608      2.965      0.000     66.427
  8   8      10.427      0.000      0.000     89.573
  8   9       0.000      0.000      0.000    100.000
  8  10       0.575      0.000      0.000     99.425
211   1       0.618      0.000      0.000     99.382
 81   1       0.618      0.000      0.000     99.382
 76   1       0.618      0.000      0.000     99.382
 77   1       0.618      0.000      0.000     99.382
 78   1       0.618      0.000      0.000     99.382
 79   1       0.618      0.000      0.000     99.382
 94   1       0.618      0.000      0.000     99.382
 95   1       0.618      0.000      0.000     99.382
211   2       4.534      5.167      0.000     90.299
 81   2       4.534      5.167      0.000     90.299
 76   2       4.534      5.167      0.000     90.299
 77   2       4.534      5.167      0.000     90.299
 78   2       4.534      5.167      0.000     90.299
 79   2       4.534      5.167      0.000     90.299
 94   2       4.534      5.167      0.000     90.299
 95   2       4.534      5.167      0.000     90.299
211   3       0.000      0.000      0.000    100.000
 81   3       0.000      0.000      0.000    100.000
 76   3       0.000      0.000      0.000    100.000
 77   3       0.000      0.000      0.000    100.000
 78   3       0.000      0.000      0.000    100.000
 79   3       0.000      0.000      0.000    100.000
 94   3       0.000      0.000      0.000    100.000
 95   3       0.000      0.000      0.000    100.000
211   4       0.000      0.000      0.000    100.000
 81   4       0.000      0.000      0.000    100.000
 76   4       0.000      0.000      0.000    100.000
 77   4       0.000      0.000      0.000    100.000
 78   4       0.000      0.000      0.000    100.000
 79   4       0.000      0.000      0.000    100.000
 94   4       0.000      0.000      0.000    100.000
 95   4       0.000      0.000      0.000    100.000
211   5       0.000      0.000      0.000    100.000
 81   5       0.000      0.000      0.000    100.000
 76   5       0.000      0.000      0.000    100.000
 77   5       0.000      0.000      0.000    100.000
 78   5       0.000      0.000      0.000    100.000
 79   5       0.000      0.000      0.000    100.000
 94   5       0.000      0.000      0.000    100.000
 95   5       0.000      0.000      0.000    100.000
211   7      40.650      7.382      0.000     51.969
 81   7      40.650      7.382      0.000     51.969
 76   7      40.650      7.382      0.000     51.969
 77   7      40.650      7.382      0.000     51.969
 78   7      40.650      7.382      0.000     51.969
 79   7      40.650      7.382      0.000     51.969
 94   7      40.650      7.382      0.000     51.969
 95   7      40.650      7.382      0.000     51.969
211   8       0.000      0.000      0.000    100.000
 81   8       0.000      0.000      0.000    100.000
 76   8       0.000      0.000      0.000    100.000
 77   8       0.000      0.000      0.000    100.000
 78   8       0.000      0.000      0.000    100.000
 79   8       0.000      0.000      0.000    100.000
 94   8       0.000      0.000      0.000    100.000
 95   8       0.000      0.000      0.000    100.000
211   9       0.000      0.000      0.000    100.000
 81   9       0.000      0.000      0.000    100.000
 76   9       0.000      0.000      0.000    100.000
 77   9       0.000      0.000      0.000    100.000
 78   9       0.000      0.000      0.000    100.000
 79   9       0.000      0.000      0.000    100.000
 94   9       0.000      0.000      0.000    100.000
 95   9       0.000      0.000      0.000    100.000
211  10      15.939      0.000      0.000     84.061
 81  10      15.939      0.000      0.000     84.061
 76  10      15.939      0.000      0.000     84.061
 77  10      15.939      0.000      0.000     84.061
 78  10      15.939      0.000      0.000     84.061
 79  10      15.939      0.000      0.000     84.061
 94  10      15.939      0.000      0.000     84.061
 95  10      15.939      0.000      0.000     84.061
 54   1      33.333      0.000      0.000     66.667
 54   2       1.188      0.950      0.000     97.862
 54   3       0.000      0.000      0.000    100.000
 54   4       0.000      0.000      0.000    100.000
 54   5       0.000      0.000      0.000    100.000
 54   7      92.050      7.950      0.000      0.000
 54   8       0.000      0.000      0.000    100.000
 54   9       0.000      0.000      0.000    100.000
 54  10      15.573      0.000      0.000     84.427
 60   1       2.700      0.000      0.000     97.300
  9   1       2.700      0.000      0.000     97.300
 10   1       2.700      0.000      0.000     97.300
 60   2       6.486      9.309      0.000     84.204
  9   2       6.486      9.309      0.000     84.204
 10   2       6.486      9.309      0.000     84.204
 60   3       0.000      0.000      0.000    100.000
  9   3       0.000      0.000      0.000    100.000
 10   3       0.000      0.000      0.000    100.000
 60   4       0.000      0.000      0.000    100.000
  9   4       0.000      0.000      0.000    100.000
 10   4       0.000      0.000      0.000    100.000
 60   5       0.000      0.000      0.000    100.000
  9   5       0.000      0.000      0.000    100.000
 10   5       0.000      0.000      0.000    100.000
 60   7      28.477      3.296      0.000     68.227
  9   7      28.477      3.296      0.000     68.227
 10   7      28.477      3.296      0.000     68.227
 60   8       0.000      0.000      0.000    100.000
  9   8       0.000      0.000      0.000    100.000
 10   8       0.000      0.000      0.000    100.000
 60   9       0.000      0.000      0.000    100.000
  9   9       0.000      0.000      0.000    100.000
 10   9       0.000      0.000      0.000    100.000
 60  10       0.061      0.000      0.000     99.939
  9  10       0.061      0.000      0.000     99.939
 10  10       0.061      0.000      0.000     99.939
 11   1       0.546      0.000      0.000     99.454
 11   2       1.662      3.324      0.000     95.014
 11   3       0.000      0.000      0.000    100.000
 11   4       0.000      0.000      0.000    100.000
 11   5       0.000      0.000      0.000    100.000
 11   7      43.255      3.240      0.000     53.504
 11   8      30.743      0.000      0.000     69.257
 11   9       0.000      0.000      0.000    100.000
 11  10      10.450      0.000      0.000     89.550
 12   1       1.053      0.000      0.000     98.947
 12   2       8.026      3.289      0.000     88.684
 12   3       0.000      0.000      0.000    100.000
 12   4       0.000      0.000      0.000    100.000
 12   5       0.000      0.000      0.000    100.000
 12   7      36.538      3.239      0.000     60.223
 12   8       7.273      0.000      0.000     92.727
 12   9       0.000      0.000      0.000    100.000
 12  10       0.952      0.000      0.000     99.048
 13   2       0.000     17.391      0.000     82.609
 13   3       0.000      0.000      0.000    100.000
 13   4       0.000      0.000      0.000    100.000
 13   5       0.000      0.000      0.000    100.000
 13   7      47.170      9.434      0.000     43.396
 13   8       0.000      0.000      0.000    100.000
 13   9       0.000      0.000      0.000    100.000
 13  10       0.000      0.000      0.000    100.000
212   1       0.114      0.000      0.000     99.886
212   2       3.385      2.577      0.000     94.038
212   3       0.000      0.000      0.000    100.000
212   4       0.000      0.000      0.000    100.000
212   5       0.000      0.000      0.000    100.000
212   7      90.793      8.220      0.000      0.987
212   8       0.000      0.000      0.000    100.000
212   9       0.000      0.000      0.000    100.000
212  10      12.569      0.000      0.000     87.431
213   1       0.820      0.000      0.000     99.180
213   2       0.391      0.082      0.000     99.527
213   3       0.000      0.000      0.000    100.000
213   4       0.000      0.000      0.000    100.000
213   5       0.000      0.000      0.000    100.000
213   7      93.060      6.940      0.000      0.000
213   8       0.000      0.000      0.000    100.000
213   9       0.000      0.000      0.000    100.000
213  10      10.735      0.000      0.000     89.265
 14   1       0.647      0.000      0.000     99.353
 14   2      39.175     19.072      0.000     41.753
 14   3       0.000      0.000      0.000    100.000
 14   4       0.000      0.000      0.000    100.000
 14   5       0.000      0.000      0.000    100.000
 14   7      27.242      3.269      0.000     69.489
 14   8       0.000      0.000      0.000    100.000
 14  10       0.140      0.000      0.000     99.860
214   1       0.367      0.000      0.000     99.633
214   2       1.397     13.687      0.000     84.916
214   3       0.000      0.000      0.000    100.000
214   4       0.000      0.000      0.000    100.000
214   5       0.000      0.000      0.000    100.000
214   7      56.282     10.256      0.000     33.462
214   8       0.000      0.000      0.000    100.000
214   9       0.000      0.000      0.000    100.000
214  10       2.718      0.000      0.000     97.282
 15   1       1.346      0.000      0.000     98.654
 15   2       1.290      0.880      0.000     97.830
 15   3       0.000      0.000      0.000    100.000
 15   4       0.000      0.000      0.000    100.000
 15   5       0.000      0.000      0.000    100.000
 15   7      34.840      3.265      0.000     61.895
 15   8       1.887      0.000      0.000     98.113
 15   9       0.000      0.000      0.000    100.000
 15  10       0.889      0.000      0.000     99.111
215   1       3.160      0.000      0.000     96.840
215   2       5.239      4.178      0.000     90.584
215   3       0.000      0.000      0.000    100.000
215   4       0.000      0.000      0.000    100.000
215   5       0.000      0.000      0.000    100.000
215   7      45.711     10.677      0.000     43.612
215   8       0.000      0.000      0.000    100.000
215   9       0.000      0.000      0.000    100.000
215  10       2.869      0.000      0.000     97.131
 92   1       0.067      0.000      0.000     99.933
 53   1       0.067      0.000      0.000     99.933
 75   1       0.067      0.000      0.000     99.933
 92   2      10.289      8.614      0.000     81.097
 53   2      10.289      8.614      0.000     81.097
 75   2      10.289      8.614      0.000     81.097
 92   3       0.000      0.000      0.000    100.000
 53   3       0.000      0.000      0.000    100.000
 75   3       0.000      0.000      0.000    100.000
 92   4       0.000      0.000      0.000    100.000
 53   4       0.000      0.000      0.000    100.000
 75   4       0.000      0.000      0.000    100.000
 92   5       0.000      0.000      0.000    100.000
 53   5       0.000      0.000      0.000    100.000
 75   5       0.000      0.000      0.000    100.000
 92   7      46.262      6.662      0.000     47.076
 53   7      46.262      6.662      0.000     47.076
 75   7      46.262      6.662      0.000     47.076
 92   8       0.000      0.000      0.000    100.000
 53   8       0.000      0.000      0.000    100.000
 75   8       0.000      0.000      0.000    100.000
 92   9       0.000      0.000      0.000    100.000
 53   9       0.000      0.000      0.000    100.000
 75   9       0.000      0.000      0.000    100.000
 92  10       8.359      0.000      0.000     91.641
 53  10       8.359      0.000      0.000     91.641
 75  10       8.359      0.000      0.000     91.641
225   1       0.123      0.000      0.000     99.877
225   2       3.791      3.208      0.000     93.001
225   3       0.000      0.000      0.000    100.000
225   4       0.000      0.000      0.000    100.000
225   5       0.000      0.000      0.000    100.000
225   7      93.177      6.823      0.000      0.000
225   9       0.000      0.000      0.000    100.000
225  10       7.751      0.000      0.000     92.249
232   1       2.532      0.000      0.000     97.468
232   2      29.433     70.567      0.000      0.000
232   3       0.000      0.000      0.000    100.000
232   4       0.000      0.000      0.000    100.000
232   5       0.000      0.000      0.000    100.000
232   7      54.837      9.610      0.000     35.553
232   8       0.000      0.000      0.000    100.000
232   9       0.000      0.000      0.000    100.000
232  10      14.122      0.000      0.000     85.878
 68   1       0.775      0.000      0.000     99.225
 68   2       1.053     10.526      0.000     88.421
 68   3       0.000      0.000      0.000    100.000
 68   4       0.000      0.000      0.000    100.000
 68   5       0.000      0.000      0.000    100.000
 68   7      88.732      7.746      0.000      3.521
 68   9       0.000      0.000      0.000    100.000
 68  10      13.101      0.000      0.000     86.899
216   1       0.608      0.000      0.000     99.392
216   2       1.028      0.035      0.000     98.937
216   3       0.000      0.000      0.000    100.000
216   4       0.000      0.000      0.000    100.000
216   5       0.000      0.000      0.000    100.000
216   7      50.028      3.610      0.000     46.362
216   8       0.000      0.000      0.000    100.000
216   9       0.000      0.000      0.000    100.000
216  10       7.424      0.000      0.000     92.576
 44   1       0.000      0.000      0.000    100.000
 44   2       0.863      0.518      0.000     98.619
 44   3       0.000      0.000      0.000    100.000
 44   4       0.000      0.000      0.000    100.000
 44   5       0.000      0.000      0.000    100.000
 44   7      40.654      3.271      0.000     56.075
 44   8      11.111      0.000      0.000     88.889
 44   9       0.000      0.000      0.000    100.000
 44  10       4.646      0.000      0.000     95.354
 45   1       1.325      0.000      0.000     98.675
 45   2       1.826      0.957      0.000     97.217
 45   3       0.000      0.000      0.000    100.000
 45   4       0.000      0.000      0.000    100.000
 45   5       0.000      0.000      0.000    100.000
 45   7      50.690      3.103      0.000     46.207
 45   8       9.524      0.000      0.000     90.476
 45   9       0.000      0.000      0.000    100.000
 45  10       6.763      0.000      0.000     93.237
 16   2       8.333      8.333      0.000     83.333
 16   3       0.000      0.000      0.000    100.000
 16   4       0.000      0.000      0.000    100.000
 16   5       0.000      0.000      0.000    100.000
 16   7      29.174      3.303      0.000     67.523
 16   8       0.000      0.000      0.000    100.000
 16  10       0.000      0.000      0.000    100.000
 52   1       0.051      0.000      0.000     99.949
 52   2       0.000      2.083      0.000     97.917
 52   3       0.000      0.000      0.000    100.000
 52   4       0.000      0.000      0.000    100.000
 52   5       0.000      0.000      0.000    100.000
 52   7      49.505      2.970      0.000     47.525
 52   8       0.000      0.000      0.000    100.000
 52   9       0.000      0.000      0.000    100.000
 52  10       8.503      0.000      0.000     91.497
217   1       0.142      0.000      0.000     99.858
217   2       0.085      0.511      0.000     99.404
217   3       0.000      0.000      0.000    100.000
217   4       0.000      0.000      0.000    100.000
217   5       0.000      0.000      0.000    100.000
217   7      90.403      7.301      0.000      2.296
217   8       0.000      0.000      0.000    100.000
217   9       0.000      0.000      0.000    100.000
217  10       7.006      0.000      0.000     92.994
 57   1       0.000      0.000      0.000    100.000
 57   3       0.000      0.000      0.000    100.000
 57   4       0.000      0.000      0.000    100.000
 57   7      30.189      3.774      0.000     66.038
 57   8       0.000      0.000      0.000    100.000
 57  10       3.077      0.000      0.000     96.923
218   1       1.988      0.000      0.000     98.012
218   2       0.087      0.087      0.000     99.825
218   3       0.000      0.000      0.000    100.000
218   4       0.000      0.000      0.000    100.000
218   5       0.000      0.000      0.000    100.000
218   7      60.297      8.729      0.000     30.974
218   8       0.000      0.000      0.000    100.000
218   9       0.000      0.000      0.000    100.000
218  10       4.662      0.000      0.000     95.338
219   1       9.093      0.000      0.000     90.907
219   2       3.631      8.366      0.000     88.003
219   3       0.000      0.000      0.000    100.000
219   4       0.000      0.000      0.000    100.000
219   5       0.000      0.000      0.000    100.000
219   7      80.819      9.072      0.000     10.109
219   8       0.000      0.000      0.000    100.000
219   9       0.000      0.000      0.000    100.000
219  10      15.820      0.000      0.000     84.180
 41   1      12.500      0.000      0.000     87.500
 41   2       1.997      1.229      0.000     96.774
 41   3       0.000      0.000      0.000    100.000
 41   4       0.000      0.000      0.000    100.000
 41   5       0.000      0.000      0.000    100.000
 41   7      76.404      3.371      0.000     20.225
 41   8       0.000      0.000      0.000    100.000
 41   9       0.000      0.000      0.000    100.000
 41  10       9.235      0.000      0.000     90.765
220   1       0.148      0.000      0.000     99.852
220   2       1.544      0.447      0.000     98.009
220   3       0.000      0.000      0.000    100.000
220   4       0.000      0.000      0.000    100.000
220   5       0.000      0.000      0.000    100.000
220   7      46.465      8.081      0.000     45.455
220   8       0.000      0.000      0.000    100.000
220   9       0.000      0.000      0.000    100.000
220  10       0.810      0.000      0.000     99.190
 73   1       0.000      0.000      0.000    100.000
 73   2       2.688      1.613      0.000     95.699
 73   3       0.000      0.000      0.000    100.000
 73   4       0.000      0.000      0.000    100.000
 73   5       0.000      0.000      0.000    100.000
 73   7      64.000      4.000      0.000     32.000
 73   8       0.000      0.000      0.000    100.000
 73  10      16.367      0.000      0.000     83.633
221   1       3.283      0.000      0.000     96.717
221   2       0.598      0.014      0.000     99.388
221   3       0.000      0.000      0.000    100.000
221   4       0.000      0.000      0.000    100.000
221   5       0.000      0.000      0.000    100.000
221   7      91.376      8.624      0.000      0.000
221   8       0.000      0.000      0.000    100.000
221   9       0.000      0.000      0.000    100.000
221  10       9.088      0.000      0.000     90.912
224   1       2.931      0.000      0.000     97.069
 63   1       2.931      0.000      0.000     97.069
224   2       9.288      0.631      0.000     90.081
 63   2       9.288      0.631      0.000     90.081
224   3       0.000      0.000      0.000    100.000
 63   3       0.000      0.000      0.000    100.000
224   4       0.000      0.000      0.000    100.000
 63   4       0.000      0.000      0.000    100.000
224   5       0.000      0.000      0.000    100.000
 63   5       0.000      0.000      0.000    100.000
224   7      91.730      8.270      0.000      0.000
 63   7      91.730      8.270      0.000      0.000
224   8       0.000      0.000      0.000    100.000
 63   8       0.000      0.000      0.000    100.000
224   9       0.000      0.000      0.000    100.000
 63   9       0.000      0.000      0.000    100.000
224  10       3.823      0.000      0.000     96.177
 63  10       3.823      0.000      0.000     96.177
222   1      56.250      0.000      0.000     43.750
222   2       0.354      0.000      0.000     99.646
222   3       0.000      0.000      0.000    100.000
222   4       0.000      0.000      0.000    100.000
222   5       0.000      0.000      0.000    100.000
222   7      92.576      7.424      0.000      0.000
222   8       0.000      0.000      0.000    100.000
222   9       0.000      0.000      0.000    100.000
222  10      12.322      0.000      0.000     87.678
 17   1      12.500      0.000      0.000     87.500
 17   2       7.483      3.401      0.000     89.116
 17   3       0.000      0.000      0.000    100.000
 17   4       0.000      0.000      0.000    100.000
 17   5       0.000      0.000      0.000    100.000
 17   7      29.604      3.318      0.000     67.078
 17   8       1.639      0.000      0.000     98.361
 17   9       0.000      0.000      0.000    100.000
 17  10       0.462      0.000      0.000     99.538
 18   1       4.878      0.000      0.000     95.122
 18   2       0.104      0.311      0.000     99.585
 18   3       0.000      0.000      0.000    100.000
 18   4       0.000      0.000      0.000    100.000
 18   5       0.000      0.000      0.000    100.000
 18   7      28.344      3.512      0.000     68.144
 18   8       0.000      0.000      0.000    100.000
 18   9       0.000      0.000      0.000    100.000
 18  10       1.717      0.000      0.000     98.283
223   1      10.000      0.000      0.000     90.000
223   2       3.448      2.759      0.000     93.793
223   3       0.000      0.000      0.000    100.000
223   4       0.000      0.000      0.000    100.000
223   5       0.000      0.000      0.000    100.000
223   7      59.549      9.947      0.000     30.504
223   8       0.000      0.000      0.000    100.000
223   9       0.000      0.000      0.000    100.000
223  10       5.898      0.000      0.000     94.102
226   1      12.003      0.000      0.000     87.997
226   2       0.786      0.103      0.000     99.111
226   3       0.000      0.000      0.000    100.000
226   4       0.000      0.000      0.000    100.000
226   5       0.000      0.000      0.000    100.000
226   7      92.400      7.600      0.000      0.000
226   8       0.000      0.000      0.000    100.000
226   9       0.000      0.000      0.000    100.000
226  10      10.482      0.000      0.000     89.518
228   1       9.570      0.000      0.000     90.430
228   2       0.118      0.066      0.000     99.816
228   3       0.000      0.000      0.000    100.000
228   4       0.000      0.000      0.000    100.000
228   5       0.000      0.000      0.000    100.000
228   7      93.168      6.832      0.000      0.000
228   8       0.000      0.000      0.000    100.000
228   9       0.000      0.000      0.000    100.000
228  10      10.076      0.000      0.000     89.924
246   2       0.000      0.000      0.000    100.000
246   3       0.000      0.000      0.000    100.000
246   4       0.000      0.000      0.000    100.000
246   7      91.461      8.539      0.000      0.000
246   8       0.000      0.000      0.000    100.000
246   9       0.000      0.000      0.000    100.000
246  10       9.017      0.000      0.000     90.983
247   1       3.376      0.000      0.000     96.624
247   2       0.044      0.174      0.000     99.782
247   3       0.000      0.000      0.000    100.000
247   4       0.000      0.000      0.000    100.000
247   5       0.000      0.000      0.000    100.000
247   7      91.381      8.619      0.000      0.000
247   8       0.000      0.000      0.000    100.000
247   9       0.000      0.000      0.000    100.000
247  10      12.283      0.000      0.000     87.717
229   1       0.187      0.000      0.000     99.813
229   2       0.490      0.603      0.000     98.908
229   3       0.000      0.000      0.000    100.000
229   4       0.000      0.000      0.000    100.000
229   5       0.000      0.000      0.000    100.000
229   7      93.026      6.974      0.000      0.000
229   8       0.000      0.000      0.000    100.000
229   9       0.000      0.000      0.000    100.000
229  10       8.492      0.000      0.000     91.508
 19   1       0.154      0.000      0.000     99.846
 19   2      22.545     13.413      0.000     64.042
 19   3       0.000      0.000      0.000    100.000
 19   4       0.000      0.000      0.000    100.000
 19   5       0.000      0.000      0.000    100.000
 19   7      33.830      3.274      0.000     62.896
 19   8      24.938      0.000      0.000     75.062
 19   9       0.000      0.000      0.000    100.000
 19  10       0.496      0.000      0.000     99.504
 20   1       2.113      0.000      0.000     97.887
 20   2       0.238      1.900      0.000     97.862
 20   3       0.000      0.000      0.000    100.000
 20   4       0.000      0.000      0.000    100.000
 20   5       0.000      0.000      0.000    100.000
 20   7      30.370      3.272      0.000     66.358
 20   8       4.545      0.000      0.000     95.455
 20   9       0.000      0.000      0.000    100.000
 20  10       4.040      0.000      0.000     95.960
 21   1       0.676      0.000      0.000     99.324
 21   2       0.443      0.170      0.000     99.386
 21   3       0.000      0.000      0.000    100.000
 21   4       0.000      0.000      0.000    100.000
 21   5       0.000      0.000      0.000    100.000
 21   7      41.339      3.233      0.000     55.427
 21   8      12.987      0.000      0.000     87.013
 21   9       0.000      0.000      0.000    100.000
 21  10       9.881      0.000      0.000     90.119
 61   1       0.232      0.000      0.000     99.768
